[VALUES]
x = 58.95314
y = 1.60869
z = -9.03467
