[VALUES]
x = -1.04688
y = 0.10000
z = 53.54553
